1 1
2 2
3 6
4 12
5 60
6 60
7 420
8 840
9 2520
10 2520
11 27720
12 27720
13 360360
14 360360
15 360360
16 720720
17 12252240
18 12252240
19 232792560
20 232792560
21 232792560
22 232792560
23 354228845
24 501492224
25 537305516
26 984971666
27 594234800
28 159643572
29 629663560
30 888990673
31 558710674
32 939370728
33 333077938
34 662324911
35 181371724
36 632345509
37 396783672
38 538889719
39 16698894
40 333977880
41 693092989
42 109905335
43 725929377
44 940892371
45 340156401
46 647194341
47 418133817
48 690141030
49 816910239
50 845511670
51 121094869
52 296933146
53 737456633
54 822657909
55 246184680
56 246184680
57 677508892
58 647757735
59 217706099
60 62365849
61 804316768
62 933819640
63 830636914
64 580381066
65 724769031
66 944918577
67 309544218
68 524503342
69 190730346
70 675562068
71 964906499
72 473267445
73 548523247
74 590719998
75 767999852
76 591997090
77 583775615
78 534497655
79 225314451
80 25155954
81 75467862
82 94182321
83 817132594
84 319568710
85 432668035
86 209450751
87 74071737
88 518312814
89 129840124
90 842805545
91 695304063
92 967973355
93 7173795
94 674336730
95 812397786
96 998364492
97 841355052
98 226397261
99 413328685
100 266573644
101 923937862
102 771813572
103 496797363
104 666925395
105 668477737
106 858639632
107 874439987
108 439517938
109 907454913
110 820039737
111 341470059
112 463520909
113 377862353
114 76307941
115 775413159
116 947925821
117 907320287
118 63793117
119 591380874
120 827617403
121 141705063
122 288017567
123 426160496
124 210975285
125 274382090
126 286071551
127 331086725
128 379100506
129 903964938
130 757720564
131 261393191
132 503900974
133 18829073
134 523095768
135 846436471
136 115359251
137 804217282
138 490992073
139 247897671
140 957953392
141 71427327
142 142680364
143 403291912
144 259254367
145 591882956
146 207455487
147 165318793
148 467181196
149 609997721
150 499657513
151 448283938
152 69579050
153 645594580
154 710782317
155 171258365
156 716304758
157 459846222
158 327851286
159 376118039
160 178885820
161 800616824
162 849962296
163 543853282
164 595968816
165 778284656
166 597626000
167 803541307
168 994938638
169 144628646
170 293434826
171 177354896
172 626260479
173 343062111
174 897602305
175 416080458
176 615080052
177 289722816
178 785330449
179 574149391
180 346889659
181 787027845
182 239066789
183 749222086
184 928431436
185 759814463
186 325489131
187 533315192
188 65813849
189 438817377
190 375301049
191 682499862
192 839995437
193 119118207
194 108931997
195 241739268
196 845224055
197 509137673
198 164478051
199 731131925
1
2
3
12
10
60
105
280
252
2520
2310
27720
25740
24024
45045
720720
680680
12252240
11639628
11085360
10581480
232792560
354228845
501492224
268652758
984971666
148558700
159643572
62966356
