0 0
5974 5975
1748 1749
0 0
0 0
0 0
0 0
0 0
3158 3159
0 0
0 0
210 211
0 0
1647 1648
0 0
0 0
0 0
0 0
2499 2500
1362 1363
417 418
0 0
0 0
0 0
0 0
825 826
0 0
0 0
0 0
0 0
1137 1138
5646 5647
0 0
1449 1450
0 0
0 0
0 0
0 0
765 766
2028 2029
0 0
5627 5628
0 0
5319 5320
6041 6042
0 0
0 0
0 0
0 0
0 0
0 0
1075 1076
0 0
5596 5597
0 0
6135 6136
0 0
0 0
2696 2697
0 0
0 0
0 0
0 0
0 0
0 0
5925 5926
0 0
0 0
0 0
0 0
0 0
0 0
0 0
0 0
0 0
0 0
0 0
0 0
0 0
5696 5697
3863 3864
0 0
0 0
0 0
0 0
0 0
0 0
0 0
0 0
0 0
0 0
4582 4583
0 0
0 0
2804 2805
2209 2210
0 0
0 0
0 0
0 0
0 0
5209 5210
0 0
0 0
1856 1857
0 0
5055 5056
4518 4519
0 0
1293 1294
0 0
5905 5906
0 0
0 0
0 0
0 0
0 0
0 0
0 0
3839 3840
0 0
4278 4279
0 0
0 0
0 0
0 0
0 0
0 0
0 0
5186 5187
0 0
3437 3438
0 0
0 0
2233 2234
1453 1454
0 0
0 0
0 0
0 0
0 0
435 436
0 0
0 0
4067 4068
0 0
0 0
0 0
0 0
0 0
0 0
0 0
2718 2719
0 0
0 0
0 0
0 0
0 0
0 0
0 0
3306 3307
0 0
0 0
0 0
0 0
0 0
5782 5783
0 0
4474 4475
0 0
0 0
1372 1373
0 0
0 0
0 0
0 0
0 0
0 0
5601 5602
0 0
0 0
0 0
0 0
0 0
0 0
4656 4657
0 0
0 0
0 0
441 442
0 0
0 0
0 0
0 0
0 0
0 0
0 0
5668 5669
0 0
0 0
5653 5654
5696 5697
0 0
718 719
0 0
0 0
0 0
0 0
2529 2530
0 0
0 0
5234 5235
0 0
0 0
4081 4082
0 0
0 0
0 0
0 0
0 0
0 0
0 0
0 0
4080 4081
2549 2550
0 0
0 0
0 0
0 0
0 0
0 0
0 0
0 0
4758 4759
0 0
0 0
2772 2773
0 0
0 0
0 0
0 0
0 0
0 0
0 0
0 0
0 0
0 0
0 0
0 0
0 0
0 0
0 0
0 0
0 0
0 0
3307 3308
0 0
0 0
0 0
0 0
0 0
0 0
5537 5538
0 0
0 0
0 0
0 0
0 0
0 0
0 0
0 0
0 0
0 0
0 0
0 0
0 0
0 0
5919 5920
0 0
3197 3198
0 0
0 0
0 0
0 0
0 0
0 0
0 0
2228 2229
0 0
0 0
0 0
2104 2105
0 0
3687 3688
0 0
0 0
0 0
0 0
0 0
0 0
0 0
0 0
0 0
0 0
0 0
0 0
0 0
0 0
0 0
0 0
0 0
0 0
0 0
0 0
0 0
0 0
0 0
0 0
0 0
0 0
0 0
0 0
0 0
4859 4860
0 0
5472 5473
387 388
0 0
0 0
0 0
0 0
0 0
0 0
0 0
0 0
0 0
0 0
0 0
0 0
0 0
0 0
0 0
0 0
283 284
0 0
5738 5739
5361 5362
3616 3617
5414 5415
5931 5932
0 0
0 0
0 0
0 0
0 0
0 0
0 0
0 0
4331 4332
0 0
0 0
0 0
0 0
0 0
0 0
0 0
0 0
0 0
0 0
0 0
0 0
1597 1598
0 0
0 0
0 0
0 0
0 0
0 0
0 0
0 0
0 0
5660 5661
0 0
0 0
0 0
0 0
0 0
0 0
0 0
0 0
0 0
0 0
0 0
0 0
3422 3423
0 0
0 0
0 0
0 0
0 0
0 0
0 0
0 0
0 0
4251 4252
0 0
0 0
61 62
0 0
0 0
0 0
664 665
0 0
0 0
0 0
2656 2657
0 0
2744 2745
0 0
0 0
0 0
0 0
0 0
0 0
0 0
0 0
0 0
2385 2386
0 0
5206 5207
5182 5183
3152 3153
0 0
0 0
0 0
0 0
0 0
784 785
0 0
39 40
0 0
5476 5477
0 0
2750 2751
3322 3323
0 0
0 0
2873 2874
0 0
0 0
1962 1963
0 0
0 0
0 0
0 0
5393 5394
335 336
0 0
0 0
0 0
3065 3066
3751 3752
0 0
0 0
0 0
676 677
0 0
0 0
0 0
3681 3682
0 0
0 0
0 0
0 0
0 0
0 0
0 0
0 0
0 0
0 0
0 0
0 0
0 0
0 0
0 0
5866 5867
0 0
0 0
0 0
0 0
505 506
0 0
0 0
0 0
1601 1602
0 0
0 0
572 573
0 0
0 0
0 0
0 0
0 0
4755 4756
0 0
4698 4699
3181 3182
0 0
0 0
0 0
0 0
0 0
4306 4307
0 0
0 0
2470 2471
0 0
0 0
0 0
0 0
0 0
0 0
0 0
0 0
1763 1764
3289 3290
0 0
0 0
5712 5713
0 0
0 0
0 0
1165 1166
0 0
0 0
3488 3489
0 0
0 0
100 101
0 0
0 0
0 0
0 0
1614 1615
0 0
0 0
0 0
0 0
2306 2307
0 0
0 0
2926 2927
0 0
6188 6189
0 0
0 0
0 0
883 884
0 0
0 0
0 0
4712 4713
5600 5601
3174 3175
263 264
4407 4408
0 0
0 0
0 0
0 0
0 0
0 0
0 0
0 0
0 0
0 0
0 0
892 893
5647 5648
0 0
4987 4988
0 0
0 0
0 0
6214 6215
0 0
0 0
0 0
0 0
0 0
1319 1320
0 0
0 0
0 0
0 0
2425 2426
1760 1761
0 0
0 0
0 0
0 0
0 0
0 0
0 0
0 0
3172 3173
0 0
0 0
1133 1134
0 0
0 0
0 0
0 0
0 0
4470 4471
5345 5346
0 0
3961 3962
0 0
0 0
0 0
3175 3176
1543 1544
0 0
0 0
0 0
0 0
4656 4657
1525 1526
0 0
5162 5163
0 0
0 0
853 854
0 0
0 0
0 0
0 0
0 0
0 0
0 0
0 0
0 0
0 0
0 0
0 0
1067 1068
0 0
0 0
0 0
5154 5155
0 0
0 0
0 0
0 0
0 0
0 0
4089 4090
0 0
0 0
4779 4780
0 0
0 0
0 0
4297 4298
0 0
0 0
0 0
0 0
0 0
0 0
0 0
0 0
2354 2355
3830 3831
4333 4334
0 0
0 0
1356 1357
0 0
0 0
0 0
5487 5488
0 0
5989 5990
0 0
4322 4323
0 0
0 0
0 0
0 0
0 0
0 0
0 0
0 0
0 0
0 0
0 0
0 0
0 0
0 0
0 0
0 0
0 0
1095 1096
0 0
0 0
0 0
2473 2474
0 0
0 0
0 0
0 0
0 0
0 0
0 0
3878 3879
0 0
1569 1570
0 0
0 0
0 0
3376 3377
0 0
0 0
0 0
0 0
0 0
4382 4383
0 0
0 0
0 0
0 0
0 0
0 0
0 0
5400 5401
0 0
0 0
0 0
2169 2170
1484 1485
0 0
0 0
2888 2889
0 0
0 0
6084 6085
0 0
0 0
8 9
0 0
4102 4103
0 0
0 0
0 0
0 0
5706 5707
581 582
3920 3921
1181 1182
6172 6173
0 0
0 0
0 0
0 0
0 0
3498 3499
0 0
0 0
0 0
2434 2435
2918 2919
0 0
0 0
2367 2368
0 0
0 0
0 0
0 0
0 0
0 0
0 0
2876 2877
0 0
19 20
0 0
0 0
0 0
0 0
0 0
0 0
0 0
0 0
5581 5582
0 0
0 0
0 0
0 0
3973 3974
0 0
0 0
0 0
0 0
0 0
0 0
0 0
0 0
0 0
0 0
0 0
0 0
0 0
0 0
0 0
0 0
0 0
5695 5696
0 0
0 0
0 0
0 0
0 0
0 0
0 0
0 0
0 0
0 0
3646 3647
0 0
0 0
0 0
0 0
0 0
0 0
0 0
0 0
0 0
5353 5354
0 0
0 0
0 0
0 0
0 0
2498 2499
0 0
0 0
4672 4673
0 0
0 0
0 0
4177 4178
0 0
4724 4725
0 0
5661 5662
0 0
0 0
0 0
0 0
4323 4324
0 0
0 0
6001 6002
0 0
0 0
0 0
0 0
0 0
0 0
2045 2046
0 0
0 0
0 0
0 0
0 0
0 0
0 0
4265 4266
0 0
0 0
0 0
0 0
0 0
0 0
0 0
0 0
0 0
0 0
0 0
0 0
0 0
0 0
0 0
0 0
0 0
0 0
0 0
0 0
0 0
0 0
0 0
0 0
0 0
0 0
0 0
0 0
0 0
0 0
0 0
0 0
0 0
0 0
0 0
0 0
0 0
0 0
4579 4580
0 0
0 0
0 0
0 0
0 0
0 0
0 0
0 0
0 0
0 0
1503 1504
0 0
1850 1851
1111 1112
0 0
1899 1900
3460 3461
0 0
0 0
0 0
0 0
6026 6027
0 0
0 0
0 0
2739 2740
0 0
0 0
0 0
775 776
0 0
0 0
0 0
0 0
0 0
63 64
1589 1590
0 0
0 0
0 0
276 277
0 0
0 0
0 0
0 0
0 0
3775 3776
0 0
0 0
0 0
0 0
0 0
0 0
0 0
0 0
5510 5511
0 0
0 0
0 0
0 0
0 0
0 0
0 0
0 0
0 0
2504 2505
0 0
0 0
0 0
0 0
0 0
0 0
0 0
0 0
4837 4838
0 0
0 0
0 0
0 0
0 0
0 0
0 0
0 0
5579 5580
0 0
0 0
3063 3064
4374 4375
0 0
3060 3061
0 0
0 0
0 0
5704 5705
0 0
2463 2464
6107 6108
224 225
0 0
0 0
0 0
0 0
0 0
0 0
0 0
0 0
0 0
0 0
0 0
0 0
0 0
0 0
0 0
0 0
0 0
6105 6106
0 0
0 0
0 0
0 0
5923 5924
0 0
3173 3174
0 0
1453 1454
0 0
0 0
0 0
0 0
0 0
0 0
0 0
6222 6223
0 0
0 0
0 0
0 0
0 0
0 0
0 0
0 0
0 0
0 0
0 0
0 0
0 0
0 0
0 0
0 0
0 0
0 0
0 0
3805 3806
0 0
0 0
0 0
0 0
3748 3749
0 0
5139 5140
0 0
0 0
4300 4301
0 0
0 0
0 0
0 0
0 0
2277 2278
0 0
0 0
0 0
4360 4361
0 0
0 0
0 0
0 0
0 0
0 0
0 0
0 0
0 0
0 0
5419 5420
1143 1144
4903 4904
6006 6007
719 720
0 0
0 0
0 0
0 0
0 0
0 0
0 0
0 0
0 0
0 0
3190 3191
0 0
0 0
0 0
3977 3978
0 0
0 0
0 0
0 0
0 0
0 0
0 0
3333 3334
4353 4354
0 0
0 0
0 0
2949 2950
0 0
1849 1850
0 0
0 0
0 0
0 0
0 0
0 0
0 0
0 0
0 0
0 0
0 0
0 0
0 0
580 581
0 0
0 0
2742 2743
0 0
0 0
0 0
3078 3079
273 274
0 0
0 0
0 0
3393 3394
2384 2385
0 0
4082 4083
0 0
0 0
0 0
0 0
0 0
0 0
0 0
0 0
0 0
0 0
5431 5432
0 0
5140 5141
0 0
0 0
0 0
0 0
0 0
0 0
0 0
5217 5218
0 0
0 0
0 0
0 0
0 0
0 0
0 0
390 391
0 0
0 0
0 0
0 0
0 0
0 0
0 0
0 0
0 0
0 0
0 0
0 0
0 0
429 430
0 0
0 0
232 233
0 0
0 0
79 80
0 0
642 643
0 0
0 0
0 0
0 0
1285 1286
0 0
2802 2803
5005 5006
0 0
0 0
0 0
0 0
1636 1637
0 0
4148 4149
0 0
0 0
5828 5829
0 0
0 0
0 0
0 0
0 0
0 0
0 0
0 0
3893 3894
1871 1872
0 0
0 0
1882 1883
0 0
2668 2669
0 0
916 917
0 0
4846 4847
0 0
0 0
4961 4962
0 0
0 0
0 0
6191 6192
0 0
0 0
0 0
0 0
0 0
0 0
0 0
0 0
0 0
0 0
0 0
0 0
0 0
3095 3096
0 0
3320 3321
0 0
0 0
0 0
0 0
0 0
0 0
0 0
0 0
0 0
0 0
0 0
0 0
0 0
4242 4243
0 0
0 0
4893 4894
0 0
1985 1986
0 0
0 0
2964 2965
0 0
0 0
0 0
0 0
0 0
0 0
0 0
0 0
0 0
0 0
0 0
0 0
0 0
0 0
0 0
2547 2548
0 0
0 0
0 0
0 0
3851 3852
0 0
0 0
0 0
0 0
5379 5380
0 0
0 0
0 0
0 0
0 0
0 0
0 0
0 0
0 0
3011 3012
0 0
0 0
0 0
0 0
0 0
0 0
0 0
450 451
0 0
0 0
0 0
0 0
0 0
0 0
5447 5448
0 0
0 0
0 0
0 0
0 0
0 0
0 0
4447 4448
4855 4856
0 0
0 0
0 0
0 0
5816 5817
0 0
3166 3167
0 0
0 0
0 0
0 0
0 0
0 0
0 0
0 0
6200 6201
0 0
0 0
4655 4656
0 0
2326 2327
0 0
6122 6123
0 0
0 0
0 0
0 0
0 0
0 0
0 0
0 0
0 0
0 0
0 0
0 0
0 0
5345 5346
0 0
0 0
0 0
0 0
0 0
0 0
0 0
0 0
1910 1911
0 0
0 0
0 0
0 0
2863 2864
5638 5639
3868 3869
0 0
0 0
3603 3604
0 0
0 0
5332 5333
0 0
0 0
0 0
0 0
0 0
3690 3691
0 0
0 0
0 0
0 0
2591 2592
0 0
0 0
0 0
0 0
4759 4760
0 0
2498 2499
0 0
0 0
0 0
0 0
0 0
0 0
0 0
0 0
0 0
0 0
0 0
5246 5247
0 0
0 0
0 0
0 0
6147 6148
0 0
0 0
0 0
0 0
0 0
6166 6167
0 0
0 0
0 0
0 0
0 0
0 0
0 0
0 0
0 0
0 0
0 0
0 0
0 0
0 0
0 0
0 0
0 0
0 0
0 0
0 0
0 0
0 0
0 0
0 0
0 0
0 0
0 0
5758 5759
0 0
0 0
1281 1282
0 0
0 0
0 0
5325 5326
0 0
0 0
0 0
0 0
0 0
2839 2840
0 0
0 0
0 0
0 0
0 0
0 0
0 0
0 0
0 0
0 0
0 0
0 0
0 0
0 0
0 0
0 0
5636 5637
0 0
0 0
0 0
0 0
0 0
0 0
1767 1768
0 0
0 0
0 0
0 0
0 0
2034 2035
0 0
0 0
4999 5000
0 0
799 800
0 0
0 0
0 0
5512 5513
0 0
3693 3694
0 0
0 0
0 0
0 0
0 0
0 0
0 0
5224 5225
0 0
0 0
0 0
0 0
0 0
2213 2214
0 0
0 0
4015 4016
0 0
4001 4002
0 0
4529 4530
2824 2825
5595 5596
0 0
0 0
0 0
0 0
0 0
0 0
0 0
0 0
0 0
0 0
617 618
0 0
3569 3570
4708 4709
2975 2976
0 0
0 0
0 0
0 0
0 0
0 0
1860 1861
0 0
0 0
0 0
0 0
200 201
0 0
0 0
3217 3218
0 0
2923 2924
0 0
0 0
6049 6050
0 0
0 0
0 0
4818 4819
0 0
0 0
0 0
0 0
0 0
0 0
0 0
0 0
0 0
0 0
4521 4522
4979 4980
0 0
3050 3051
0 0
0 0
0 0
0 0
0 0
0 0
0 0
0 0
0 0
4566 4567
0 0
5485 5486
0 0
2784 2785
0 0
0 0
0 0
0 0
0 0
0 0
0 0
0 0
0 0
0 0
0 0
0 0
0 0
5650 5651
404 405
0 0
0 0
0 0
0 0
0 0
0 0
0 0
5956 5957
0 0
0 0
0 0
0 0
0 0
0 0
0 0
0 0
0 0
0 0
0 0
0 0
0 0
1627 1628
0 0
0 0
0 0
0 0
2422 2423
0 0
0 0
0 0
3463 3464
0 0
0 0
0 0
0 0
0 0
0 0
5292 5293
0 0
0 0
5135 5136
744 745
927 928
0 0
1110 1111
5457 5458
0 0
4122 4123
0 0
0 0
0 0
0 0
0 0
2645 2646
1655 1656
0 0
0 0
0 0
0 0
0 0
0 0
1188 1189
1075 1076
0 0
0 0
0 0
269 270
0 0
0 0
0 0
0 0
0 0
0 0
0 0
0 0
0 0
0 0
0 0
0 0
0 0
0 0
1902 1903
0 0
0 0
0 0
0 0
0 0
0 0
0 0
0 0
487 488
0 0
1950 1951
0 0
0 0
0 0
0 0
0 0
0 0
0 0
0 0
0 0
0 0
0 0
2737 2738
2419 2420
0 0
6225 6226
0 0
0 0
4804 4805
0 0
0 0
0 0
0 0
0 0
0 0
0 0
5406 5407
0 0
391 392
4519 4520
0 0
4672 4673
0 0
0 0
997 998
0 0
0 0
0 0
0 0
3274 3275
0 0
0 0
0 0
0 0
0 0
0 0
1060 1061
0 0
0 0
0 0
3614 3615
0 0
0 0
950 951
5798 5799
0 0
0 0
2642 2643
0 0
0 0
0 0
0 0
0 0
0 0
0 0
0 0
0 0
1005 1006
0 0
2329 2330
0 0
0 0
4848 4849
0 0
0 0
0 0
0 0
0 0
1905 1906
5892 5893
0 0
5939 5940
2230 2231
0 0
0 0
270 271
0 0
0 0
0 0
0 0
0 0
0 0
0 0
0 0
0 0
980 981
0 0
0 0
1131 1132
0 0
0 0
2335 2336
0 0
1956 1957
0 0
0 0
0 0
0 0
3537 3538
0 0
5116 5117
0 0
0 0
0 0
0 0
445 446
0 0
0 0
4800 4801
0 0
876 877
0 0
3622 3623
0 0
0 0
0 0
0 0
0 0
0 0
0 0
0 0
0 0
0 0
0 0
4286 4287
0 0
0 0
0 0
0 0
0 0
0 0
0 0
4785 4786
3477 3478
0 0
0 0
0 0
0 0
0 0
0 0
4971 4972
0 0
3517 3518
0 0
0 0
521 522
5520 5521
0 0
0 0
0 0
0 0
0 0
0 0
0 0
0 0
3378 3379
0 0
0 0
0 0
0 0
0 0
0 0
0 0
2909 2910
0 0
0 0
0 0
0 0
0 0
5290 5291
0 0
4410 4411
0 0
0 0
1008 1009
0 0
0 0
0 0
1843 1844
0 0
0 0
0 0
0 0
0 0
0 0
0 0
0 0
0 0
0 0
0 0
3769 3770
0 0
0 0
0 0
0 0
0 0
0 0
0 0
6155 6156
0 0
5404 5405
0 0
0 0
0 0
0 0
0 0
0 0
0 0
0 0
0 0
0 0
0 0
4997 4998
0 0
0 0
0 0
0 0
0 0
0 0
0 0
0 0
0 0
2387 2388
0 0
0 0
0 0
4737 4738
0 0
0 0
830 831
0 0
0 0
0 0
3773 3774
0 0
0 0
0 0
6206 6207
0 0
0 0
0 0
0 0
0 0
0 0
0 0
0 0
0 0
5631 5632
0 0
5512 5513
2041 2042
0 0
0 0
0 0
5141 5142
4309 4310
0 0
5075 5076
0 0
5941 5942
716 717
0 0
0 0
0 0
0 0
0 0
0 0
0 0
0 0
0 0
3255 3256
0 0
0 0
0 0
4754 4755
131 132
5692 5693
0 0
0 0
0 0
0 0
0 0
3056 3057
0 0
3324 3325
0 0
0 0
6184 6185
0 0
0 0
0 0
3171 3172
4330 4331
5311 5312
0 0
0 0
0 0
0 0
0 0
0 0
0 0
0 0
0 0
0 0
4122 4123
0 0
0 0
0 0
1460 1461
0 0
0 0
0 0
0 0
0 0
190 191
4537 4538
6114 6115
0 0
3084 3085
0 0
0 0
0 0
4238 4239
0 0
0 0
0 0
0 0
0 0
0 0
0 0
0 0
0 0
0 0
0 0
0 0
0 0
0 0
0 0
2538 2539
0 0
0 0
0 0
3578 3579
0 0
4649 4650
0 0
4811 4812
0 0
0 0
0 0
2623 2624
0 0
0 0
0 0
3464 3465
0 0
0 0
0 0
3111 3112
0 0
0 0
0 0
0 0
0 0
0 0
0 0
0 0
4274 4275
0 0
0 0
0 0
0 0
0 0
0 0
0 0
0 0
0 0
0 0
0 0
1717 1718
0 0
0 0
3302 3303
0 0
0 0
0 0
0 0
0 0
3832 3833
0 0
0 0
4816 4817
0 0
0 0
0 0
0 0
0 0
0 0
0 0
0 0
0 0
0 0
0 0
3546 3547
0 0
0 0
0 0
0 0
1482 1483
1222 1223
0 0
2163 2164
0 0
0 0
932 933
0 0
0 0
0 0
0 0
0 0
0 0
0 0
4134 4135
0 0
0 0
0 0
0 0
0 0
0 0
0 0
0 0
0 0
0 0
0 0
0 0
3009 3010
0 0
3397 3398
0 0
835 836
0 0
0 0
0 0
0 0
0 0
0 0
0 0
0 0
0 0
0 0
1615 1616
0 0
3694 3695
0 0
6205 6206
0 0
0 0
2682 2683
0 0
5810 5811
0 0
0 0
0 0
3010 3011
0 0
67 68
0 0
0 0
0 0
0 0
0 0
0 0
252 253
0 0
0 0
0 0
611 612
0 0
0 0
0 0
0 0
0 0
0 0
0 0
0 0
0 0
0 0
0 0
2542 2543
4497 4498
0 0
0 0
5982 5983
0 0
0 0
0 0
0 0
4463 4464
0 0
0 0
0 0
0 0
0 0
0 0
3840 3841
0 0
0 0
4358 4359
0 0
0 0
0 0
0 0
0 0
0 0
0 0
0 0
0 0
0 0
0 0
0 0
0 0
0 0
1028 1029
0 0
0 0
0 0
0 0
0 0
0 0
1400 1401
2029 2030
0 0
5162 5163
0 0
0 0
0 0
0 0
0 0
5242 5243
0 0
0 0
3833 3834
0 0
4201 4202
0 0
0 0
0 0
0 0
1120 1121
0 0
0 0
0 0
0 0
0 0
0 0
0 0
3140 3141
0 0
2326 2327
0 0
0 0
1158 1159
5937 5938
0 0
1996 1997
0 0
0 0
2718 2719
0 0
3705 3706
1240 1241
0 0
1415 1416
5027 5028
0 0
0 0
0 0
0 0
0 0
0 0
0 0
360 361
0 0
2272 2273
0 0
0 0
0 0
0 0
0 0
0 0
0 0
0 0
0 0
0 0
0 0
0 0
0 0
0 0
5445 5446
0 0
0 0
0 0
1965 1966
0 0
0 0
0 0
0 0
0 0
0 0
0 0
1157 1158
0 0
0 0
5532 5533
0 0
1229 1230
0 0
0 0
5403 5404
0 0
0 0
0 0
0 0
0 0
0 0
0 0
0 0
0 0
0 0
0 0
0 0
5893 5894
0 0
0 0
0 0
3444 3445
0 0
0 0
0 0
0 0
3559 3560
0 0
0 0
0 0
0 0
0 0
3117 3118
2177 2178
0 0
108 109
0 0
0 0
0 0
0 0
0 0
0 0
0 0
0 0
0 0
4514 4515
4590 4591
0 0
0 0
0 0
0 0
4768 4769
0 0
0 0
0 0
0 0
0 0
0 0
1342 1343
0 0
3005 3006
0 0
0 0
0 0
5827 5828
0 0
0 0
0 0
0 0
0 0
0 0
0 0
0 0
0 0
0 0
0 0
0 0
0 0
0 0
0 0
0 0
1438 1439
2020 2021
2892 2893
0 0
0 0
1392 1393
6114 6115
0 0
0 0
0 0
0 0
0 0
0 0
0 0
0 0
0 0
0 0
0 0
0 0
3474 3475
0 0
0 0
0 0
0 0
554 555
6224 6225
0 0
0 0
0 0
0 0
0 0
5927 5928
0 0
0 0
5678 5679
0 0
0 0
0 0
0 0
0 0
5188 5189
1836 1837
3912 3913
0 0
0 0
0 0
2529 2530
0 0
0 0
3490 3491
0 0
0 0
0 0
1841 1842
0 0
0 0
0 0
0 0
0 0
0 0
0 0
0 0
6220 6221
0 0
860 861
0 0
0 0
1408 1409
3213 3214
0 0
0 0
0 0
0 0
0 0
0 0
0 0
0 0
4976 4977
0 0
5725 5726
0 0
0 0
0 0
0 0
1727 1728
0 0
0 0
0 0
0 0
0 0
0 0
0 0
0 0
0 0
0 0
0 0
1123 1124
0 0
0 0
0 0
0 0
0 0
0 0
1945 1946
0 0
0 0
0 0
0 0
0 0
0 0
4103 4104
0 0
0 0
0 0
3786 3787
0 0
0 0
0 0
0 0
0 0
0 0
0 0
0 0
0 0
0 0
0 0
1448 1449
0 0
0 0
3921 3922
0 0
0 0
494 495
0 0
0 0
0 0
0 0
0 0
0 0
0 0
5825 5826
0 0
1648 1649
0 0
0 0
0 0
0 0
0 0
0 0
5414 5415
0 0
0 0
0 0
0 0
0 0
0 0
238 239
0 0
0 0
0 0
0 0
0 0
0 0
0 0
895 896
449 450
0 0
0 0
0 0
0 0
0 0
0 0
0 0
5120 5121
0 0
0 0
0 0
0 0
0 0
6136 6137
0 0
0 0
2625 2626
0 0
0 0
0 0
0 0
0 0
0 0
0 0
0 0
0 0
1205 1206
0 0
0 0
0 0
0 0
0 0
0 0
0 0
1437 1438
0 0
0 0
0 0
0 0
0 0
0 0
0 0
0 0
5201 5202
4085 4086
0 0
0 0
0 0
0 0
0 0
0 0
0 0
0 0
0 0
0 0
0 0
0 0
0 0
1387 1388
0 0
5758 5759
0 0
5353 5354
2436 2437
0 0
0 0
0 0
5251 5252
0 0
0 0
0 0
0 0
280 281
0 0
0 0
4474 4475
0 0
0 0
3051 3052
0 0
0 0
0 0
0 0
6045 6046
2842 2843
6187 6188
0 0
0 0
0 0
0 0
4084 4085
2072 2073
0 0
0 0
0 0
0 0
0 0
0 0
0 0
0 0
0 0
0 0
0 0
0 0
5099 5100
0 0
0 0
0 0
2551 2552
0 0
0 0
0 0
0 0
3600 3601
1769 1770
5017 5018
0 0
0 0
0 0
0 0
0 0
0 0
0 0
4550 4551
0 0
0 0
0 0
0 0
0 0
0 0
0 0
4427 4428
0 0
0 0
0 0
0 0
0 0
0 0
0 0
0 0
0 0
0 0
0 0
3333 3334
0 0
0 0
0 0
0 0
0 0
0 0
0 0
5487 5488
2394 2395
3981 3982
1803 1804
0 0
0 0
0 0
0 0
0 0
0 0
0 0
0 0
0 0
0 0
0 0
0 0
3571 3572
0 0
3061 3062
0 0
4659 4660
4088 4089
0 0
0 0
0 0
0 0
0 0
0 0
0 0
0 0
0 0
3643 3644
3178 3179
0 0
0 0
0 0
0 0
0 0
0 0
0 0
0 0
4911 4912
4060 4061
0 0
0 0
0 0
0 0
0 0
0 0
0 0
0 0
0 0
0 0
3083 3084
0 0
0 0
4081 4082
0 0
0 0
0 0
0 0
0 0
0 0
0 0
0 0
0 0
0 0
2741 2742
0 0
0 0
0 0
0 0
0 0
0 0
0 0
0 0
2333 2334
0 0
0 0
0 0
0 0
0 0
0 0
0 0
0 0
0 0
2259 2260
0 0
6035 6036
0 0
0 0
0 0
4397 4398
0 0
0 0
0 0
4852 4853
0 0
0 0
0 0
0 0
493 494
0 0
5706 5707
0 0
0 0
0 0
0 0
0 0
0 0
3049 3050
0 0
0 0
0 0
0 0
2730 2731
0 0
0 0
4815 4816
0 0
0 0
0 0
2039 2040
0 0
0 0
0 0
6070 6071
2951 2952
0 0
0 0
0 0
0 0
0 0
0 0
0 0
0 0
0 0
0 0
1370 1371
0 0
2858 2859
0 0
0 0
0 0
1930 1931
0 0
0 0
0 0
4426 4427
0 0
0 0
2705 2706
0 0
0 0
0 0
0 0
0 0
0 0
5233 5234
0 0
0 0
0 0
0 0
0 0
0 0
0 0
782 783
5797 5798
0 0
0 0
0 0
0 0
0 0
0 0
0 0
0 0
0 0
0 0
0 0
0 0
1358 1359
0 0
5838 5839
0 0
0 0
518 519
0 0
0 0
0 0
0 0
0 0
0 0
0 0
3466 3467
5021 5022
5791 5792
0 0
0 0
0 0
0 0
2305 2306
0 0
1718 1719
0 0
0 0
3721 3722
0 0
2460 2461
0 0
5084 5085
0 0
3057 3058
0 0
0 0
0 0
3111 3112
0 0
0 0
0 0
0 0
0 0
658 659
2439 2440
0 0
0 0
0 0
0 0
0 0
0 0
1003 1004
0 0
0 0
0 0
0 0
2747 2748
0 0
0 0
0 0
0 0
0 0
0 0
0 0
0 0
0 0
0 0
0 0
0 0
0 0
0 0
0 0
4843 4844
0 0
0 0
0 0
0 0
0 0
0 0
0 0
0 0
6158 6159
0 0
0 0
0 0
0 0
0 0
0 0
0 0
0 0
4615 4616
0 0
0 0
0 0
0 0
4948 4949
5554 5555
0 0
0 0
0 0
0 0
0 0
0 0
0 0
0 0
0 0
0 0
0 0
0 0
0 0
0 0
0 0
1073 1074
5223 5224
0 0
0 0
0 0
0 0
0 0
0 0
0 0
0 0
0 0
2252 2253
5638 5639
0 0
0 0
0 0
0 0
1374 1375
0 0
2370 2371
0 0
0 0
0 0
0 0
0 0
0 0
0 0
0 0
0 0
0 0
0 0
0 0
5637 5638
3739 3740
0 0
0 0
0 0
0 0
0 0
0 0
0 0
3438 3439
0 0
0 0
0 0
0 0
0 0
0 0
0 0
0 0
0 0
0 0
0 0
0 0
0 0
0 0
2257 2258
296 297
0 0
0 0
0 0
0 0
0 0
0 0
0 0
0 0
6128 6129
0 0
0 0
0 0
0 0
0 0
0 0
2123 2124
0 0
0 0
0 0
0 0
0 0
0 0
0 0
0 0
0 0
2030 2031
0 0
227 228
0 0
0 0
0 0
0 0
1679 1680
5667 5668
0 0
0 0
0 0
3952 3953
0 0
0 0
0 0
0 0
5952 5953
0 0
0 0
0 0
0 0
0 0
0 0
0 0
0 0
0 0
0 0
5269 5270
0 0
0 0
0 0
1705 1706
0 0
1236 1237
0 0
0 0
0 0
4296 4297
0 0
0 0
0 0
5659 5660
0 0
4460 4461
0 0
5047 5048
0 0
0 0
0 0
2160 2161
0 0
3293 3294
366 367
0 0
0 0
0 0
800 801
0 0
0 0
0 0
0 0
0 0
0 0
0 0
0 0
0 0
1275 1276
3771 3772
6155 6156
0 0
261 262
0 0
5654 5655
0 0
0 0
0 0
602 603
0 0
0 0
0 0
0 0
0 0
0 0
3594 3595
0 0
0 0
0 0
0 0
0 0
0 0
0 0
0 0
0 0
0 0
0 0
4713 4714
0 0
0 0
0 0
0 0
5175 5176
897 898
0 0
0 0
0 0
0 0
0 0
0 0
4519 4520
0 0
0 0
0 0
0 0
0 0
0 0
0 0
0 0
0 0
0 0
2323 2324
0 0
1510 1511
0 0
0 0
0 0
2427 2428
0 0
5082 5083
0 0
0 0
0 0
0 0
0 0
0 0
0 0
0 0
3779 3780
0 0
0 0
5563 5564
0 0
0 0
0 0
0 0
5878 5879
0 0
0 0
1808 1809
2903 2904
410 411
4280 4281
0 0
0 0
0 0
0 0
5602 5603
0 0
0 0
0 0
0 0
0 0
0 0
6228 6229
0 0
0 0
5377 5378
0 0
0 0
0 0
5992 5993
0 0
0 0
0 0
0 0
2298 2299
786 787
0 0
0 0
0 0
4597 4598
0 0
0 0
0 0
0 0
351 352
0 0
0 0
5888 5889
1938 1939
0 0
0 0
0 0
0 0
0 0
3353 3354
0 0
1788 1789
0 0
0 0
4868 4869
0 0
0 0
0 0
1340 1341
434 435
5138 5139
0 0
0 0
6113 6114
0 0
0 0
0 0
0 0
0 0
3142 3143
0 0
0 0
0 0
0 0
0 0
0 0
925 926
1823 1824
0 0
3813 3814
0 0
0 0
0 0
0 0
0 0
0 0
0 0
0 0
0 0
0 0
0 0
0 0
2411 2412
0 0
5749 5750
0 0
0 0
0 0
0 0
0 0
0 0
0 0
0 0
0 0
0 0
0 0
0 0
0 0
1320 1321
0 0
0 0
0 0
0 0
0 0
0 0
0 0
0 0
0 0
104 105
0 0
0 0
0 0
0 0
5030 5031
0 0
0 0
0 0
0 0
0 0
0 0
0 0
0 0
1238 1239
4486 4487
0 0
0 0
0 0
0 0
0 0
0 0
2186 2187
0 0
502 503
0 0
0 0
1327 1328
0 0
0 0
0 0
0 0
0 0
0 0
0 0
3128 3129
0 0
0 0
5410 5411
0 0
0 0
0 0
2130 2131
5964 5965
0 0
2609 2610
0 0
0 0
5265 5266
0 0
0 0
5506 5507
0 0
3314 3315
0 0
0 0
0 0
0 0
1669 1670
0 0
0 0
0 0
0 0
0 0
0 0
0 0
944 945
0 0
0 0
0 0
0 0
0 0
0 0
0 0
0 0
0 0
0 0
0 0
0 0
5785 5786
3413 3414
2937 2938
0 0
1289 1290
0 0
6200 6201
0 0
0 0
0 0
0 0
0 0
4800 4801
0 0
0 0
0 0
939 940
0 0
5911 5912
0 0
0 0
0 0
3346 3347
0 0
0 0
0 0
0 0
0 0
0 0
0 0
3102 3103
0 0
0 0
2389 2390
0 0
0 0
0 0
0 0
3013 3014
0 0
3240 3241
0 0
0 0
0 0
0 0
0 0
6212 6213
0 0
2434 2435
0 0
0 0
2146 2147
0 0
0 0
0 0
0 0
880 881
3433 3434
3882 3883
0 0
0 0
0 0
0 0
0 0
0 0
0 0
0 0
3509 3510
0 0
0 0
0 0
0 0
0 0
2443 2444
4500 4501
0 0
0 0
0 0
0 0
0 0
0 0
0 0
0 0
1623 1624
787 788
0 0
0 0
0 0
0 0
2210 2211
3371 3372
0 0
0 0
5393 5394
1553 1554
0 0
0 0
0 0
0 0
0 0
0 0
0 0
0 0
0 0
0 0
0 0
0 0
0 0
0 0
0 0
0 0
0 0
0 0
0 0
0 0
0 0
0 0
0 0
3761 3762
2311 2312
0 0
3332 3333
0 0
0 0
0 0
0 0
0 0
0 0
0 0
4970 4971
0 0
0 0
2037 2038
0 0
0 0
4540 4541
4748 4749
0 0
0 0
0 0
0 0
0 0
0 0
0 0
0 0
0 0
0 0
0 0
0 0
3182 3183
0 0
4545 4546
4053 4054
0 0
2033 2034
0 0
2514 2515
0 0
0 0
0 0
0 0
3281 3282
0 0
0 0
0 0
0 0
0 0
0 0
0 0
0 0
0 0
4808 4809
0 0
0 0
0 0
0 0
0 0
0 0
4024 4025
369 370
0 0
3844 3845
0 0
0 0
0 0
0 0
0 0
271 272
0 0
3978 3979
536 537
0 0
0 0
5414 5415
0 0
0 0
0 0
0 0
0 0
4143 4144
0 0
0 0
0 0
0 0
0 0
0 0
0 0
0 0
5084 5085
2425 2426
0 0
0 0
0 0
0 0
0 0
0 0
0 0
0 0
0 0
0 0
0 0
0 0
0 0
3631 3632
0 0
0 0
5265 5266
0 0
0 0
3870 3871
0 0
1750 1751
5851 5852
0 0
5617 5618
0 0
0 0
0 0
890 891
5153 5154
0 0
0 0
5338 5339
0 0
0 0
0 0
4007 4008
0 0
2559 2560
4356 4357
0 0
0 0
3993 3994
0 0
0 0
0 0
0 0
0 0
0 0
3839 3840
0 0
0 0
2078 2079
2342 2343
0 0
0 0
5212 5213
0 0
0 0
2897 2898
0 0
0 0
0 0
0 0
0 0
0 0
0 0
0 0
0 0
0 0
0 0
0 0
1388 1389
0 0
0 0
0 0
5140 5141
2345 2346
0 0
0 0
0 0
0 0
2902 2903
0 0
0 0
2450 2451
0 0
0 0
0 0
0 0
0 0
4578 4579
2347 2348
0 0
0 0
84 85
5216 5217
0 0
0 0
0 0
0 0
0 0
961 962
0 0
0 0
0 0
0 0
0 0
0 0
0 0
0 0
0 0
5561 5562
0 0
0 0
0 0
0 0
239 240
0 0
0 0
3135 3136
0 0
0 0
0 0
0 0
0 0
0 0
0 0
0 0
1035 1036
6032 6033
0 0
0 0
0 0
1629 1630
4520 4521
0 0
0 0
2808 2809
0 0
0 0
0 0
6158 6159
0 0
0 0
5272 5273
3560 3561
0 0
0 0
0 0
0 0
0 0
0 0
0 0
1542 1543
0 0
0 0
0 0
0 0
0 0
0 0
0 0
0 0
0 0
0 0
0 0
2594 2595
0 0
0 0
0 0
0 0
0 0
0 0
0 0
0 0
5479 5480
0 0
0 0
0 0
0 0
0 0
0 0
0 0
0 0
4177 4178
0 0
0 0
0 0
0 0
0 0
4524 4525
918 919
3644 3645
0 0
0 0
3302 3303
4315 4316
0 0
6130 6131
0 0
5874 5875
0 0
0 0
0 0
0 0
0 0
2738 2739
0 0
0 0
0 0
0 0
0 0
0 0
0 0
0 0
686 687
3608 3609
0 0
0 0
0 0
0 0
0 0
0 0
0 0
0 0
0 0
0 0
0 0
3528 3529
0 0
0 0
0 0
0 0
0 0
736 737
0 0
0 0
0 0
0 0
4852 4853
0 0
0 0
0 0
0 0
0 0
0 0
0 0
0 0
0 0
0 0
0 0
0 0
0 0
0 0
0 0
0 0
0 0
0 0
0 0
0 0
0 0
1719 1720
0 0
0 0
0 0
0 0
0 0
0 0
0 0
0 0
0 0
0 0
0 0
0 0
0 0
0 0
0 0
5238 5239
0 0
0 0
0 0
0 0
0 0
0 0
0 0
0 0
0 0
0 0
0 0
0 0
5138 5139
0 0
0 0
0 0
0 0
0 0
0 0
0 0
0 0
0 0
0 0
0 0
0 0
0 0
0 0
192 193
0 0
4345 4346
0 0
0 0
1644 1645
2618 2619
4673 4674
0 0
0 0
0 0
0 0
278 279
0 0
0 0
0 0
0 0
0 0
0 0
0 0
0 0
0 0
0 0
2845 2846
0 0
0 0
0 0
0 0
0 0
0 0
0 0
0 0
0 0
0 0
0 0
5334 5335
0 0
1065 1066
698 699
0 0
2094 2095
425 426
0 0
0 0
0 0
0 0
0 0
854 855
0 0
622 623
0 0
0 0
0 0
0 0
0 0
0 0
3472 3473
0 0
0 0
0 0
0 0
0 0
0 0
0 0
0 0
0 0
0 0
0 0
0 0
0 0
0 0
0 0
0 0
4644 4645
0 0
0 0
0 0
0 0
0 0
1446 1447
0 0
0 0
0 0
0 0
0 0
0 0
0 0
0 0
0 0
82 83
0 0
0 0
0 0
0 0
0 0
0 0
0 0
0 0
0 0
5136 5137
0 0
0 0
0 0
0 0
0 0
0 0
5804 5805
0 0
0 0
0 0
0 0
0 0
0 0
0 0
0 0
0 0
0 0
0 0
0 0
0 0
4173 4174
0 0
0 0
0 0
0 0
2349 2350
0 0
0 0
0 0
0 0
5152 5153
0 0
0 0
0 0
0 0
3564 3565
0 0
0 0
0 0
0 0
0 0
0 0
0 0
5392 5393
0 0
0 0
2847 2848
0 0
0 0
0 0
3248 3249
0 0
0 0
0 0
0 0
0 0
0 0
0 0
0 0
0 0
0 0
0 0
5163 5164
0 0
1338 1339
0 0
5088 5089
856 857
0 0
0 0
0 0
838 839
0 0
0 0
2908 2909
0 0
4855 4856
0 0
0 0
3445 3446
5133 5134
0 0
0 0
0 0
0 0
0 0
0 0
0 0
0 0
0 0
0 0
1127 1128
5134 5135
0 0
0 0
0 0
0 0
0 0
0 0
0 0
0 0
0 0
3749 3750
0 0
0 0
0 0
0 0
0 0
1809 1810
0 0
5510 5511
0 0
0 0
1397 1398
0 0
0 0
0 0
0 0
0 0
0 0
0 0
28 29
0 0
1909 1910
5841 5842
0 0
0 0
4344 4345
1639 1640
0 0
924 925
0 0
0 0
5166 5167
0 0
223 224
0 0
0 0
0 0
0 0
2273 2274
780 781
5265 5266
3630 3631
0 0
0 0
3901 3902
0 0
0 0
0 0
0 0
0 0
2483 2484
0 0
938 939
0 0
0 0
0 0
1689 1690
0 0
0 0
2889 2890
0 0
0 0
3417 3418
1092 1093
3576 3577
0 0
1425 1426
0 0
0 0
0 0
0 0
0 0
0 0
0 0
0 0
0 0
0 0
0 0
0 0
0 0
0 0
0 0
0 0
0 0
1268 1269
0 0
0 0
1661 1662
5617 5618
0 0
0 0
0 0
0 0
0 0
0 0
2544 2545
0 0
0 0
0 0
0 0
0 0
0 0
0 0
0 0
3803 3804
0 0
0 0
4836 4837
0 0
0 0
4732 4733
0 0
0 0
0 0
599 600
0 0
0 0
0 0
0 0
0 0
0 0
0 0
0 0
5486 5487
0 0
0 0
0 0
0 0
0 0
5468 5469
0 0
1685 1686
0 0
0 0
0 0
0 0
0 0
5612 5613
0 0
0 0
0 0
0 0
4858 4859
0 0
4145 4146
0 0
0 0
0 0
0 0
0 0
0 0
0 0
0 0
1271 1272
0 0
0 0
0 0
0 0
0 0
0 0
0 0
0 0
0 0
3120 3121
2116 2117
3391 3392
0 0
0 0
0 0
3446 3447
5385 5386
0 0
0 0
5501 5502
0 0
0 0
0 0
436 437
0 0
0 0
0 0
0 0
6056 6057
0 0
0 0
0 0
2264 2265
0 0
0 0
1310 1311
0 0
0 0
0 0
0 0
0 0
0 0
0 0
0 0
4250 4251
0 0
0 0
0 0
0 0
0 0
0 0
0 0
0 0
0 0
0 0
0 0
0 0
2834 2835
5487 5488
0 0
4910 4911
0 0
0 0
0 0
3601 3602
0 0
0 0
2361 2362
6222 6223
6055 6056
0 0
0 0
2561 2562
1391 1392
0 0
0 0
0 0
1426 1427
0 0
4530 4531
0 0
5303 5304
5419 5420
0 0
0 0
0 0
0 0
0 0
0 0
0 0
3093 3094
0 0
0 0
0 0
0 0
4490 4491
0 0
2000 2001
5326 5327
2603 2604
0 0
0 0
0 0
0 0
2215 2216
0 0
0 0
0 0
0 0
0 0
0 0
0 0
0 0
0 0
0 0
0 0
0 0
0 0
2960 2961
0 0
0 0
0 0
0 0
0 0
0 0
0 0
0 0
0 0
5575 5576
0 0
0 0
0 0
0 0
3085 3086
0 0
0 0
0 0
0 0
0 0
0 0
0 0
0 0
0 0
2330 2331
0 0
0 0
6026 6027
0 0
0 0
0 0
0 0
0 0
4276 4277
2814 2815
4117 4118
4737 4738
0 0
0 0
0 0
0 0
0 0
0 0
0 0
0 0
0 0
0 0
0 0
4033 4034
5410 5411
0 0
0 0
2393 2394
0 0
0 0
0 0
5556 5557
0 0
1224 1225
5104 5105
0 0
0 0
0 0
2101 2102
4581 4582
0 0
0 0
0 0
0 0
0 0
1781 1782
0 0
5875 5876
0 0
0 0
0 0
0 0
0 0
0 0
0 0
0 0
0 0
0 0
1382 1383
0 0
0 0
753 754
0 0
0 0
0 0
0 0
5197 5198
0 0
0 0
2699 2700
0 0
0 0
0 0
3884 3885
0 0
3465 3466
1365 1366
0 0
0 0
0 0
0 0
0 0
0 0
690 691
0 0
0 0
0 0
0 0
6002 6003
1571 1572
2922 2923
0 0
0 0
0 0
0 0
0 0
0 0
0 0
0 0
0 0
0 0
0 0
405 406
0 0
0 0
5513 5514
0 0
0 0
0 0
0 0
0 0
0 0
474 475
0 0
0 0
0 0
0 0
0 0
0 0
0 0
0 0
0 0
0 0
0 0
0 0
0 0
0 0
0 0
3620 3621
0 0
0 0
0 0
0 0
0 0
0 0
0 0
0 0
0 0
0 0
5642 5643
4536 4537
0 0
0 0
0 0
0 0
0 0
0 0
6112 6113
0 0
0 0
0 0
3942 3943
0 0
0 0
2769 2770
0 0
0 0
0 0
0 0
0 0
0 0
0 0
463 464
0 0
0 0
0 0
0 0
0 0
0 0
0 0
0 0
0 0
0 0
0 0
0 0
0 0
0 0
0 0
5534 5535
0 0
0 0
0 0
0 0
0 0
1428 1429
0 0
0 0
0 0
0 0
0 0
0 0
0 0
0 0
0 0
0 0
0 0
0 0
0 0
0 0
2178 2179
0 0
4212 4213
0 0
0 0
0 0
164 165
0 0
0 0
0 0
0 0
0 0
5976 5977
0 0
3059 3060
0 0
3235 3236
1389 1390
1179 1180
0 0
0 0
0 0
0 0
0 0
0 0
1092 1093
0 0
3624 3625
0 0
0 0
0 0
0 0
0 0
0 0
0 0
1782 1783
0 0
0 0
0 0
0 0
5873 5874
0 0
0 0
0 0
514 515
0 0
4355 4356
0 0
3241 3242
0 0
0 0
3205 3206
0 0
0 0
0 0
77 78
0 0
0 0
0 0
0 0
0 0
0 0
0 0
0 0
0 0
0 0
0 0
0 0
5011 5012
451 452
0 0
0 0
0 0
0 0
0 0
0 0
0 0
0 0
0 0
0 0
31 32
4124 4125
0 0
0 0
0 0
3106 3107
0 0
0 0
5458 5459
0 0
5128 5129
4480 4481
0 0
0 0
0 0
0 0
0 0
0 0
5428 5429
0 0
5725 5726
0 0
0 0
5323 5324
0 0
0 0
0 0
0 0
0 0
3715 3716
0 0
684 685
0 0
3890 3891
0 0
0 0
0 0
5965 5966
0 0
0 0
0 0
0 0
0 0
0 0
0 0
5251 5252
0 0
0 0
0 0
0 0
0 0
5618 5619
4857 4858
5200 5201
4400 4401
0 0
0 0
0 0
0 0
0 0
0 0
0 0
0 0
1534 1535
0 0
0 0
0 0
0 0
0 0
0 0
2165 2166
0 0
4759 4760
0 0
0 0
0 0
0 0
0 0
0 0
0 0
0 0
2707 2708
0 0
5122 5123
0 0
0 0
0 0
0 0
0 0
0 0
5301 5302
0 0
0 0
0 0
0 0
0 0
0 0
4452 4453
0 0
0 0
0 0
0 0
5536 5537
3319 3320
0 0
0 0
0 0
4862 4863
0 0
0 0
0 0
0 0
0 0
0 0
0 0
0 0
0 0
0 0
0 0
1937 1938
0 0
2986 2987
0 0
0 0
5763 5764
0 0
0 0
0 0
0 0
0 0
0 0
0 0
0 0
0 0
0 0
0 0
0 0
0 0
4010 4011
5855 5856
1820 1821
0 0
0 0
0 0
0 0
0 0
0 0
3715 3716
0 0
0 0
2349 2350
3157 3158
0 0
0 0
0 0
0 0
0 0
0 0
0 0
0 0
0 0
0 0
4855 4856
2374 2375
5683 5684
0 0
0 0
0 0
4564 4565
0 0
0 0
0 0
0 0
0 0
0 0
0 0
0 0
2317 2318
0 0
4471 4472
4299 4300
0 0
0 0
0 0
0 0
0 0
0 0
0 0
0 0
0 0
0 0
0 0
0 0
0 0
3047 3048
6035 6036
0 0
0 0
0 0
0 0
0 0
0 0
0 0
0 0
0 0
0 0
0 0
3764 3765
0 0
0 0
0 0
4476 4477
0 0
0 0
0 0
5891 5892
0 0
0 0
0 0
5551 5552
3425 3426
0 0
0 0
0 0
0 0
0 0
0 0
4099 4100
5074 5075
0 0
0 0
0 0
0 0
0 0
0 0
0 0
0 0
0 0
4646 4647
4888 4889
0 0
0 0
0 0
0 0
3133 3134
0 0
0 0
5862 5863
0 0
0 0
0 0
0 0
0 0
5582 5583
0 0
0 0
2673 2674
0 0
0 0
0 0
0 0
0 0
0 0
0 0
0 0
0 0
0 0
0 0
5379 5380
0 0
0 0
0 0
0 0
0 0
0 0
0 0
0 0
0 0
4437 4438
0 0
782 783
0 0
0 0
0 0
0 0
4258 4259
0 0
0 0
0 0
4592 4593
0 0
0 0
0 0
0 0
4108 4109
0 0
1377 1378
0 0
0 0
0 0
0 0
751 752
0 0
0 0
360 361
0 0
0 0
0 0
0 0
0 0
0 0
0 0
5909 5910
5760 5761
2487 2488
3436 3437
0 0
0 0
0 0
0 0
4149 4150
0 0
0 0
0 0
0 0
0 0
0 0
5617 5618
0 0
0 0
0 0
0 0
0 0
4478 4479
0 0
0 0
0 0
3428 3429
5520 5521
5999 6000
0 0
0 0
0 0
0 0
0 0
0 0
0 0
0 0
0 0
0 0
4883 4884
0 0
0 0
6205 6206
0 0
0 0
0 0
0 0
1100 1101
0 0
0 0
0 0
5197 5198
0 0
4300 4301
0 0
3560 3561
0 0
1475 1476
3663 3664
0 0
2070 2071
0 0
0 0
0 0
0 0
0 0
0 0
0 0
0 0
0 0
0 0
5242 5243
5029 5030
0 0
0 0
6032 6033
0 0
0 0
0 0
0 0
0 0
0 0
0 0
0 0
0 0
0 0
0 0
0 0
0 0
0 0
0 0
0 0
0 0
5983 5984
0 0
3544 3545
0 0
0 0
1559 1560
0 0
5324 5325
0 0
0 0
0 0
4113 4114
0 0
2372 2373
2572 2573
0 0
0 0
0 0
0 0
3199 3200
5996 5997
0 0
1152 1153
0 0
0 0
0 0
0 0
0 0
0 0
0 0
0 0
0 0
0 0
0 0
0 0
0 0
0 0
0 0
0 0
2518 2519
0 0
0 0
0 0
3346 3347
0 0
0 0
0 0
0 0
0 0
3697 3698
0 0
4827 4828
0 0
0 0
0 0
0 0
0 0
0 0
4009 4010
0 0
0 0
0 0
0 0
0 0
30 31
5338 5339
5636 5637
0 0
3874 3875
0 0
0 0
0 0
0 0
0 0
0 0
0 0
0 0
4745 4746
0 0
0 0
0 0
0 0
0 0
3821 3822
5913 5914
0 0
0 0
3517 3518
0 0
0 0
0 0
0 0
0 0
3774 3775
0 0
0 0
0 0
3029 3030
0 0
0 0
0 0
0 0
0 0
0 0
0 0
0 0
5953 5954
0 0
0 0
0 0
0 0
0 0
0 0
0 0
0 0
0 0
0 0
0 0
5817 5818
0 0
0 0
0 0
4149 4150
0 0
0 0
0 0
5413 5414
3546 3547
1964 1965
0 0
0 0
0 0
0 0
0 0
0 0
0 0
0 0
5475 5476
0 0
0 0
0 0
0 0
0 0
3262 3263
0 0
0 0
0 0
0 0
0 0
0 0
0 0
3252 3253
5795 5796
0 0
4904 4905
0 0
0 0
0 0
0 0
0 0
452 453
0 0
0 0
0 0
5139 5140
0 0
0 0
0 0
3975 3976
0 0
3753 3754
0 0
0 0
1078 1079
0 0
0 0
0 0
1071 1072
0 0
0 0
0 0
0 0
0 0
3489 3490
5133 5134
0 0
2458 2459
0 0
5109 5110
5921 5922
0 0
0 0
4207 4208
0 0
0 0
0 0
0 0
0 0
3754 3755
0 0
0 0
535 536
4709 4710
0 0
3363 3364
0 0
2927 2928
0 0
0 0
4601 4602
0 0
0 0
1256 1257
0 0
2973 2974
556 557
1590 1591
0 0
0 0
654 655
0 0
0 0
0 0
0 0
0 0
0 0
0 0
0 0
604 605
0 0
0 0
0 0
0 0
0 0
0 0
0 0
0 0
0 0
5518 5519
0 0
0 0
0 0
0 0
0 0
3569 3570
0 0
0 0
0 0
0 0
0 0
3211 3212
0 0
0 0
0 0
0 0
0 0
0 0
0 0
5298 5299
0 0
855 856
0 0
490 491
0 0
2401 2402
0 0
2552 2553
0 0
0 0
0 0
0 0
4493 4494
0 0
0 0
3421 3422
0 0
0 0
0 0
0 0
0 0
0 0
0 0
0 0
0 0
0 0
0 0
624 625
2001 2002
1625 1626
0 0
0 0
289 290
0 0
0 0
0 0
0 0
0 0
0 0
0 0
0 0
5474 5475
0 0
0 0
2249 2250
0 0
0 0
0 0
2467 2468
0 0
0 0
0 0
591 592
0 0
0 0
0 0
0 0
0 0
0 0
5246 5247
0 0
0 0
0 0
0 0
0 0
0 0
5586 5587
0 0
4350 4351
0 0
2589 2590
5338 5339
3949 3950
0 0
0 0
0 0
0 0
5865 5866
0 0
0 0
0 0
0 0
0 0
6185 6186
0 0
0 0
0 0
0 0
0 0
0 0
0 0
0 0
0 0
125 126
0 0
0 0
0 0
0 0
0 0
0 0
2677 2678
0 0
0 0
3655 3656
0 0
0 0
559 560
0 0
0 0
0 0
0 0
0 0
0 0
0 0
0 0
0 0
0 0
0 0
2968 2969
0 0
0 0
0 0
0 0
0 0
1519 1520
0 0
0 0
0 0
0 0
0 0
0 0
0 0
0 0
0 0
0 0
0 0
0 0
0 0
0 0
0 0
0 0
0 0
0 0
0 0
2746 2747
3129 3130
0 0
0 0
0 0
0 0
0 0
0 0
0 0
2211 2212
0 0
5485 5486
0 0
0 0
0 0
4187 4188
4383 4384
0 0
1901 1902
0 0
0 0
1186 1187
0 0
5892 5893
0 0
0 0
0 0
0 0
0 0
0 0
0 0
0 0
2401 2402
0 0
0 0
5667 5668
0 0
0 0
0 0
0 0
0 0
0 0
0 0
0 0
0 0
2757 2758
0 0
0 0
0 0
0 0
1383 1384
0 0
0 0
0 0
0 0
0 0
0 0
0 0
0 0
4466 4467
0 0
0 0
703 704
0 0
0 0
1807 1808
0 0
0 0
0 0
0 0
0 0
0 0
0 0
5933 5934
0 0
0 0
0 0
0 0
0 0
5491 5492
0 0
0 0
0 0
0 0
0 0
5683 5684
0 0
0 0
0 0
0 0
0 0
0 0
0 0
0 0
6070 6071
0 0
0 0
0 0
0 0
0 0
5367 5368
0 0
0 0
0 0
0 0
0 0
3733 3734
0 0
0 0
0 0
0 0
0 0
0 0
0 0
0 0
0 0
0 0
0 0
0 0
0 0
0 0
1964 1965
0 0
0 0
0 0
0 0
0 0
0 0
0 0
0 0
0 0
0 0
0 0
0 0
0 0
0 0
0 0
0 0
0 0
0 0
0 0
4151 4152
0 0
5137 5138
0 0
0 0
0 0
0 0
0 0
0 0
2065 2066
4408 4409
0 0
0 0
286 287
0 0
0 0
0 0
0 0
0 0
2960 2961
0 0
0 0
0 0
4046 4047
0 0
0 0
0 0
5029 5030
0 0
99 100
0 0
0 0
0 0
0 0
4431 4432
0 0
0 0
0 0
0 0
0 0
0 0
3184 3185
0 0
0 0
0 0
0 0
0 0
0 0
0 0
0 0
0 0
0 0
0 0
0 0
0 0
0 0
0 0
0 0
2899 2900
0 0
0 0
0 0
6051 6052
0 0
0 0
0 0
0 0
0 0
0 0
0 0
0 0
0 0
0 0
0 0
0 0
0 0
0 0
0 0
0 0
0 0
0 0
0 0
0 0
0 0
0 0
204 205
0 0
0 0
5618 5619
4716 4717
1255 1256
5529 5530
0 0
2472 2473
0 0
0 0
0 0
0 0
0 0
6098 6099
0 0
0 0
0 0
0 0
0 0
0 0
0 0
0 0
0 0
0 0
0 0
2684 2685
0 0
0 0
0 0
0 0
1038 1039
3020 3021
0 0
609 610
0 0
0 0
4851 4852
0 0
0 0
0 0
0 0
0 0
0 0
0 0
0 0
0 0
1766 1767
0 0
0 0
0 0
0 0
0 0
4556 4557
0 0
0 0
0 0
0 0
4492 4493
3475 3476
3167 3168
0 0
0 0
0 0
0 0
0 0
0 0
5696 5697
0 0
0 0
0 0
0 0
0 0
0 0
0 0
0 0
0 0
0 0
0 0
0 0
375 376
0 0
0 0
0 0
0 0
0 0
5534 5535
0 0
0 0
0 0
1995 1996
0 0
0 0
0 0
0 0
0 0
0 0
0 0
0 0
0 0
0 0
0 0
0 0
0 0
0 0
0 0
0 0
0 0
0 0
0 0
0 0
0 0
0 0
0 0
2112 2113
0 0
0 0
0 0
3157 3158
1874 1875
0 0
0 0
5250 5251
0 0
0 0
0 0
0 0
0 0
0 0
558 559
0 0
0 0
5079 5080
0 0
0 0
0 0
0 0
0 0
0 0
0 0
0 0
0 0
0 0
0 0
0 0
0 0
0 0
0 0
0 0
0 0
0 0
4058 4059
0 0
3602 3603
0 0
0 0
0 0
6018 6019
0 0
0 0
0 0
0 0
5488 5489
0 0
0 0
0 0
0 0
0 0
0 0
2844 2845
1656 1657
0 0
168 169
2622 2623
0 0
2479 2480
0 0
0 0
0 0
0 0
0 0
0 0
0 0
2869 2870
0 0
0 0
1903 1904
0 0
0 0
0 0
5724 5725
0 0
0 0
0 0
0 0
0 0
0 0
5777 5778
0 0
0 0
0 0
0 0
0 0
0 0
0 0
0 0
0 0
0 0
0 0
0 0
5291 5292
0 0
2195 2196
0 0
0 0
0 0
0 0
0 0
0 0
0 0
0 0
0 0
3154 3155
0 0
0 0
0 0
5539 5540
3615 3616
0 0
2108 2109
0 0
0 0
3068 3069
0 0
1357 1358
0 0
0 0
5246 5247
0 0
2500 2501
0 0
0 0
2669 2670
0 0
333 334
0 0
6010 6011
0 0
0 0
0 0
2137 2138
0 0
0 0
0 0
4756 4757
4695 4696
0 0
0 0
0 0
4589 4590
0 0
0 0
0 0
0 0
2777 2778
0 0
0 0
0 0
0 0
0 0
3017 3018
0 0
0 0
0 0
0 0
0 0
0 0
0 0
0 0
0 0
4253 4254
0 0
0 0
0 0
0 0
2363 2364
0 0
0 0
0 0
0 0
0 0
2531 2532
787 788
0 0
0 0
0 0
0 0
0 0
0 0
0 0
0 0
0 0
0 0
0 0
0 0
0 0
0 0
1452 1453
0 0
0 0
3753 3754
0 0
0 0
3918 3919
0 0
3391 3392
0 0
0 0
1537 1538
346 347
0 0
0 0
0 0
5428 5429
0 0
0 0
4005 4006
0 0
1931 1932
0 0
0 0
5346 5347
0 0
0 0
0 0
0 0
0 0
0 0
4459 4460
0 0
1189 1190
0 0
0 0
0 0
0 0
0 0
0 0
587 588
0 0
0 0
0 0
0 0
0 0
0 0
0 0
0 0
0 0
0 0
0 0
5776 5777
0 0
903 904
2489 2490
0 0
0 0
0 0
2276 2277
0 0
0 0
5415 5416
3445 3446
0 0
0 0
0 0
0 0
1199 1200
0 0
0 0
0 0
0 0
0 0
0 0
0 0
0 0
179 180
2871 2872
0 0
0 0
0 0
2268 2269
0 0
0 0
3889 3890
0 0
0 0
0 0
0 0
0 0
0 0
0 0
0 0
3981 3982
4623 4624
0 0
0 0
0 0
0 0
0 0
0 0
0 0
0 0
0 0
0 0
0 0
0 0
3838 3839
0 0
0 0
0 0
0 0
2926 2927
0 0
1122 1123
660 661
0 0
0 0
0 0
0 0
0 0
0 0
0 0
0 0
0 0
288 289
0 0
0 0
0 0
0 0
2865 2866
0 0
2503 2504
0 0
540 541
0 0
0 0
3497 3498
0 0
0 0
0 0
0 0
0 0
0 0
4627 4628
982 983
0 0
0 0
0 0
0 0
4707 4708
0 0
1641 1642
5036 5037
3549 3550
0 0
0 0
4917 4918
0 0
0 0
0 0
0 0
0 0
0 0
4116 4117
5095 5096
217 218
5372 5373
0 0
3689 3690
6053 6054
3917 3918
0 0
0 0
0 0
0 0
0 0
4355 4356
0 0
0 0
0 0
6233 6234
2039 2040
0 0
0 0
5838 5839
0 0
0 0
0 0
0 0
0 0
0 0
0 0
0 0
0 0
0 0
0 0
186 187
0 0
0 0
0 0
3508 3509
4769 4770
4089 4090
0 0
4833 4834
0 0
0 0
0 0
0 0
0 0
0 0
0 0
5880 5881
0 0
0 0
0 0
0 0
0 0
0 0
0 0
0 0
0 0
0 0
0 0
0 0
0 0
3857 3858
0 0
0 0
0 0
0 0
0 0
1817 1818
3241 3242
0 0
0 0
557 558
0 0
0 0
0 0
0 0
0 0
777 778
0 0
0 0
0 0
3467 3468
0 0
0 0
0 0
0 0
0 0
111 112
0 0
0 0
0 0
0 0
1093 1094
827 828
0 0
0 0
0 0
935 936
0 0
0 0
0 0
0 0
0 0
1314 1315
3238 3239
0 0
0 0
6203 6204
0 0
0 0
0 0
0 0
0 0
0 0
0 0
0 0
0 0
0 0
0 0
0 0
697 698
0 0
0 0
0 0
0 0
1009 1010
0 0
0 0
4775 4776
0 0
0 0
0 0
6097 6098
0 0
0 0
0 0
0 0
0 0
0 0
0 0
0 0
952 953
2768 2769
0 0
0 0
0 0
0 0
0 0
0 0
408 409
0 0
0 0
0 0
0 0
0 0
0 0
525 526
0 0
0 0
0 0
4320 4321
0 0
5019 5020
0 0
0 0
0 0
0 0
0 0
1135 1136
0 0
0 0
0 0
0 0
0 0
0 0
0 0
0 0
0 0
0 0
0 0
0 0
0 0
0 0
5372 5373
4828 4829
4406 4407
219 220
0 0
0 0
0 0
0 0
0 0
0 0
5132 5133
0 0
0 0
0 0
0 0
0 0
0 0
1432 1433
0 0
4777 4778
5453 5454
0 0
0 0
0 0
0 0
0 0
6147 6148
2106 2107
1051 1052
0 0
569 570
0 0
0 0
4552 4553
0 0
0 0
0 0
2805 2806
0 0
0 0
0 0
3064 3065
0 0
5090 5091
0 0
0 0
0 0
2766 2767
88 89
717 718
2756 2757
0 0
828 829
0 0
0 0
0 0
3133 3134
0 0
0 0
0 0
0 0
0 0
0 0
0 0
0 0
0 0
0 0
5066 5067
0 0
0 0
0 0
0 0
0 0
0 0
2689 2690
0 0
2429 2430
0 0
0 0
0 0
0 0
0 0
0 0
0 0
0 0
6005 6006
804 805
0 0
0 0
0 0
2941 2942
0 0
4052 4053
0 0
0 0
0 0
0 0
0 0
0 0
1910 1911
4396 4397
4703 4704
0 0
0 0
0 0
0 0
0 0
0 0
1474 1475
2763 2764
0 0
0 0
0 0
0 0
1585 1586
0 0
0 0
0 0
0 0
0 0
0 0
0 0
0 0
0 0
0 0
0 0
0 0
3763 3764
0 0
4874 4875
0 0
0 0
0 0
0 0
0 0
400 401
0 0
0 0
0 0
0 0
4447 4448
0 0
0 0
0 0
0 0
0 0
0 0
0 0
0 0
0 0
0 0
0 0
0 0
4546 4547
0 0
0 0
0 0
0 0
0 0
0 0
0 0
3514 3515
0 0
0 0
0 0
0 0
0 0
3226 3227
0 0
1538 1539
0 0
6091 6092
0 0
0 0
0 0
0 0
0 0
0 0
0 0
0 0
0 0
0 0
0 0
0 0
0 0
0 0
0 0
1526 1527
0 0
0 0
0 0
2955 2956
3787 3788
0 0
5607 5608
0 0
0 0
0 0
0 0
0 0
0 0
0 0
0 0
0 0
5892 5893
0 0
0 0
0 0
0 0
0 0
0 0
0 0
5168 5169
5112 5113
246 247
0 0
0 0
0 0
0 0
0 0
4954 4955
5338 5339
0 0
0 0
0 0
5268 5269
0 0
5882 5883
0 0
0 0
0 0
0 0
0 0
0 0
0 0
0 0
0 0
0 0
0 0
4938 4939
0 0
0 0
0 0
0 0
0 0
0 0
0 0
0 0
2169 2170
0 0
0 0
0 0
0 0
0 0
0 0
0 0
0 0
0 0
226 227
0 0
0 0
3790 3791
0 0
2899 2900
0 0
0 0
0 0
0 0
331 332
0 0
1993 1994
2528 2529
438 439
0 0
0 0
109 110
0 0
0 0
0 0
0 0
0 0
0 0
0 0
0 0
0 0
0 0
0 0
4814 4815
0 0
0 0
0 0
0 0
0 0
0 0
0 0
0 0
0 0
0 0
0 0
0 0
0 0
0 0
0 0
0 0
0 0
0 0
0 0
0 0
4230 4231
0 0
5560 5561
6055 6056
0 0
0 0
0 0
0 0
0 0
0 0
0 0
0 0
0 0
0 0
0 0
0 0
0 0
570 571
0 0
0 0
0 0
4204 4205
6075 6076
0 0
0 0
937 938
1861 1862
0 0
5193 5194
0 0
0 0
0 0
1079 1080
0 0
0 0
0 0
0 0
0 0
0 0
970 971
0 0
0 0
0 0
0 0
0 0
743 744
3239 3240
0 0
0 0
0 0
0 0
0 0
0 0
0 0
0 0
0 0
4732 4733
0 0
3263 3264
0 0
0 0
0 0
0 0
0 0
0 0
0 0
0 0
6100 6101
0 0
0 0
0 0
0 0
0 0
0 0
0 0
0 0
4572 4573
0 0
815 816
2937 2938
0 0
0 0
0 0
0 0
0 0
0 0
0 0
5033 5034
2359 2360
0 0
0 0
3627 3628
0 0
0 0
0 0
0 0
4498 4499
0 0
0 0
0 0
3458 3459
0 0
0 0
0 0
0 0
0 0
0 0
3603 3604
0 0
0 0
0 0
0 0
0 0
0 0
0 0
0 0
3619 3620
1638 1639
3611 3612
2260 2261
0 0
5403 5404
0 0
3372 3373
0 0
0 0
0 0
4609 4610
0 0
0 0
0 0
4201 4202
0 0
5385 5386
0 0
2529 2530
0 0
0 0
2585 2586
0 0
0 0
0 0
0 0
0 0
0 0
0 0
0 0
0 0
0 0
0 0
1176 1177
0 0
0 0
0 0
0 0
0 0
0 0
0 0
0 0
0 0
0 0
4450 4451
3105 3106
723 724
0 0
0 0
0 0
0 0
3550 3551
0 0
0 0
0 0
4141 4142
0 0
0 0
6166 6167
3086 3087
0 0
0 0
0 0
969 970
0 0
0 0
0 0
0 0
1878 1879
0 0
0 0
0 0
0 0
0 0
0 0
0 0
0 0
1900 1901
0 0
0 0
0 0
2020 2021
0 0
0 0
0 0
0 0
0 0
0 0
0 0
0 0
0 0
0 0
0 0
0 0
0 0
0 0
4281 4282
0 0
0 0
0 0
2469 2470
0 0
0 0
0 0
0 0
0 0
0 0
0 0
0 0
964 965
0 0
0 0
0 0
0 0
2159 2160
0 0
5337 5338
5205 5206
0 0
0 0
0 0
0 0
0 0
0 0
0 0
4190 4191
0 0
0 0
0 0
0 0
0 0
0 0
0 0
0 0
0 0
0 0
0 0
386 387
0 0
0 0
3023 3024
0 0
0 0
2743 2744
0 0
0 0
4989 4990
0 0
0 0
2356 2357
0 0
2882 2883
0 0
0 0
0 0
0 0
171 172
0 0
0 0
0 0
4642 4643
0 0
0 0
996 997
0 0
6124 6125
1291 1292
5100 5101
0 0
0 0
3532 3533
0 0
0 0
0 0
322 323
0 0
0 0
14 15
0 0
862 863
0 0
0 0
0 0
0 0
0 0
0 0
4843 4844
6133 6134
0 0
0 0
0 0
0 0
0 0
4796 4797
0 0
0 0
0 0
0 0
0 0
0 0
0 0
0 0
0 0
0 0
144 145
0 0
0 0
5630 5631
0 0
0 0
0 0
0 0
0 0
0 0
0 0
0 0
0 0
0 0
0 0
4572 4573
0 0
0 0
0 0
0 0
0 0
1307 1308
0 0
0 0
0 0
0 0
5682 5683
5174 5175
0 0
0 0
0 0
0 0
3701 3702
0 0
0 0
2999 3000
0 0
0 0
0 0
0 0
1708 1709
0 0
0 0
0 0
0 0
0 0
0 0
0 0
5009 5010
4206 4207
0 0
1729 1730
0 0
0 0
0 0
0 0
0 0
0 0
0 0
0 0
0 0
0 0
4245 4246
0 0
5990 5991
0 0
1420 1421
0 0
0 0
0 0
0 0
0 0
0 0
5900 5901
0 0
0 0
3838 3839
0 0
0 0
0 0
0 0
0 0
0 0
2449 2450
2731 2732
0 0
0 0
0 0
385 386
0 0
0 0
0 0
0 0
4392 4393
0 0
0 0
1543 1544
0 0
0 0
0 0
0 0
0 0
0 0
0 0
0 0
0 0
0 0
0 0
2406 2407
4093 4094
0 0
5971 5972
0 0
0 0
0 0
0 0
0 0
0 0
0 0
0 0
0 0
0 0
0 0
0 0
0 0
0 0
0 0
0 0
2773 2774
268 269
0 0
0 0
0 0
6057 6058
1462 1463
0 0
0 0
0 0
0 0
0 0
0 0
0 0
0 0
0 0
0 0
0 0
3843 3844
0 0
0 0
0 0
0 0
0 0
0 0
0 0
0 0
0 0
0 0
0 0
3480 3481
1206 1207
0 0
0 0
0 0
0 0
0 0
0 0
0 0
0 0
747 748
0 0
0 0
884 885
0 0
0 0
0 0
0 0
6149 6150
0 0
0 0
0 0
0 0
0 0
5133 5134
0 0
0 0
0 0
4938 4939
0 0
0 0
0 0
0 0
0 0
0 0
0 0
0 0
0 0
0 0
0 0
0 0
0 0
0 0
0 0
0 0
0 0
697 698
0 0
5644 5645
4344 4345
0 0
0 0
0 0
0 0
0 0
0 0
0 0
0 0
0 0
2422 2423
0 0
0 0
0 0
0 0
0 0
3740 3741
0 0
0 0
0 0
59 60
0 0
0 0
0 0
0 0
4146 4147
1946 1947
0 0
0 0
0 0
0 0
1339 1340
0 0
0 0
0 0
0 0
0 0
0 0
0 0
0 0
3798 3799
0 0
0 0
0 0
0 0
0 0
0 0
0 0
0 0
0 0
0 0
361 362
0 0
0 0
0 0
4406 4407
0 0
0 0
0 0
1380 1381
0 0
0 0
6212 6213
0 0
0 0
0 0
5905 5906
0 0
0 0
0 0
0 0
0 0
0 0
0 0
0 0
0 0
5941 5942
0 0
0 0
0 0
0 0
0 0
0 0
0 0
4807 4808
0 0
0 0
0 0
0 0
0 0
0 0
0 0
2911 2912
0 0
0 0
0 0
5311 5312
0 0
0 0
0 0
0 0
5870 5871
0 0
274 275
302 303
0 0
0 0
0 0
0 0
0 0
0 0
0 0
5468 5469
0 0
0 0
0 0
0 0
0 0
509 510
0 0
0 0
1442 1443
0 0
0 0
0 0
0 0
0 0
0 0
0 0
0 0
1138 1139
0 0
0 0
0 0
0 0
5797 5798
0 0
0 0
0 0
1213 1214
0 0
0 0
0 0
0 0
0 0
0 0
0 0
0 0
0 0
0 0
0 0
0 0
0 0
0 0
0 0
5963 5964
0 0
0 0
0 0
0 0
0 0
3087 3088
0 0
0 0
0 0
0 0
6025 6026
0 0
1845 1846
0 0
0 0
0 0
0 0
0 0
4841 4842
5379 5380
0 0
0 0
0 0
0 0
0 0
0 0
0 0
0 0
0 0
0 0
0 0
468 469
0 0
0 0
0 0
4134 4135
0 0
0 0
5416 5417
0 0
0 0
0 0
0 0
0 0
0 0
0 0
0 0
0 0
0 0
0 0
0 0
0 0
3314 3315
4741 4742
5440 5441
5369 5370
0 0
0 0
0 0
3971 3972
0 0
0 0
0 0
0 0
0 0
0 0
0 0
0 0
0 0
0 0
0 0
428 429
0 0
0 0
4910 4911
1055 1056
0 0
0 0
1088 1089
0 0
0 0
0 0
0 0
0 0
0 0
0 0
0 0
0 0
0 0
0 0
5506 5507
0 0
0 0
4505 4506
0 0
0 0
0 0
0 0
0 0
0 0
0 0
212 213
0 0
0 0
0 0
0 0
83 84
0 0
0 0
0 0
0 0
0 0
0 0
0 0
0 0
0 0
0 0
0 0
4592 4593
6043 6044
0 0
0 0
0 0
0 0
0 0
0 0
0 0
0 0
0 0
0 0
0 0
0 0
0 0
0 0
0 0
0 0
0 0
6080 6081
0 0
0 0
0 0
0 0
1667 1668
0 0
0 0
0 0
0 0
0 0
0 0
0 0
0 0
0 0
0 0
0 0
0 0
0 0
0 0
5723 5724
0 0
0 0
0 0
2960 2961
0 0
0 0
0 0
0 0
0 0
0 0
0 0
0 0
0 0
0 0
0 0
0 0
0 0
0 0
0 0
0 0
0 0
2307 2308
4594 4595
0 0
0 0
0 0
0 0
0 0
5987 5988
0 0
0 0
0 0
5992 5993
0 0
0 0
0 0
0 0
0 0
0 0
0 0
0 0
0 0
5640 5641
0 0
0 0
0 0
5841 5842
0 0
3197 3198
0 0
0 0
0 0
0 0
0 0
0 0
0 0
0 0
3690 3691
0 0
0 0
5300 5301
0 0
5347 5348
0 0
0 0
0 0
4984 4985
0 0
1937 1938
0 0
2002 2003
0 0
0 0
0 0
0 0
0 0
0 0
0 0
3852 3853
0 0
0 0
5313 5314
0 0
0 0
419 420
0 0
0 0
0 0
0 0
0 0
1709 1710
0 0
0 0
0 0
0 0
4418 4419
0 0
0 0
5158 5159
2119 2120
0 0
0 0
0 0
0 0
0 0
0 0
0 0
0 0
0 0
0 0
0 0
4823 4824
5192 5193
0 0
0 0
0 0
0 0
0 0
0 0
0 0
0 0
0 0
0 0
0 0
0 0
0 0
0 0
0 0
0 0
868 869
0 0
0 0
754 755
0 0
0 0
0 0
0 0
0 0
0 0
0 0
0 0
0 0
0 0
0 0
0 0
5581 5582
0 0
0 0
5530 5531
0 0
0 0
1699 1700
0 0
0 0
1912 1913
0 0
4392 4393
0 0
5958 5959
0 0
0 0
0 0
1236 1237
0 0
2004 2005
0 0
0 0
0 0
0 0
5149 5150
0 0
0 0
0 0
0 0
0 0
5535 5536
0 0
1386 1387
412 413
0 0
0 0
0 0
0 0
0 0
0 0
5151 5152
0 0
0 0
0 0
0 0
0 0
0 0
1200 1201
0 0
2973 2974
0 0
0 0
0 0
0 0
0 0
0 0
0 0
0 0
140 141
0 0
0 0
1775 1776
0 0
0 0
0 0
0 0
0 0
0 0
0 0
4138 4139
1546 1547
0 0
0 0
0 0
0 0
0 0
0 0
5537 5538
0 0
0 0
0 0
0 0
3796 3797
0 0
2497 2498
0 0
0 0
4924 4925
0 0
0 0
0 0
0 0
0 0
0 0
0 0
0 0
0 0
0 0
3827 3828
0 0
0 0
0 0
0 0
0 0
2543 2544
0 0
0 0
1541 1542
24 25
0 0
5590 5591
0 0
0 0
0 0
2446 2447
0 0
0 0
0 0
0 0
0 0
0 0
0 0
0 0
0 0
44 45
5244 5245
0 0
0 0
0 0
0 0
0 0
2015 2016
0 0
0 0
0 0
0 0
0 0
0 0
0 0
0 0
0 0
0 0
0 0
5744 5745
0 0
2978 2979
0 0
860 861
0 0
0 0
0 0
0 0
0 0
0 0
0 0
4002 4003
0 0
0 0
0 0
0 0
2336 2337
0 0
0 0
0 0
0 0
0 0
0 0
0 0
0 0
0 0
0 0
0 0
0 0
0 0
0 0
0 0
1692 1693
0 0
0 0
1171 1172
0 0
0 0
0 0
0 0
0 0
3448 3449
0 0
0 0
0 0
0 0
0 0
1173 1174
0 0
0 0
0 0
1411 1412
0 0
0 0
0 0
0 0
0 0
0 0
0 0
0 0
0 0
0 0
0 0
0 0
0 0
0 0
1384 1385
0 0
0 0
0 0
0 0
0 0
3870 3871
0 0
0 0
0 0
0 0
0 0
0 0
3581 3582
0 0
0 0
609 610
0 0
0 0
0 0
0 0
2641 2642
0 0
0 0
5340 5341
0 0
0 0
0 0
4698 4699
0 0
0 0
5661 5662
0 0
0 0
0 0
0 0
0 0
0 0
0 0
0 0
0 0
4306 4307
0 0
0 0
2755 2756
822 823
0 0
0 0
0 0
0 0
0 0
0 0
0 0
0 0
0 0
4536 4537
0 0
4587 4588
0 0
0 0
0 0
0 0
0 0
1549 1550
0 0
0 0
0 0
5792 5793
0 0
0 0
0 0
0 0
0 0
6085 6086
0 0
0 0
0 0
0 0
0 0
1618 1619
0 0
0 0
0 0
264 265
0 0
0 0
4872 4873
0 0
0 0
0 0
0 0
0 0
0 0
0 0
0 0
2506 2507
0 0
0 0
3519 3520
0 0
0 0
0 0
0 0
0 0
0 0
2327 2328
0 0
1998 1999
0 0
0 0
627 628
0 0
5959 5960
0 0
0 0
0 0
0 0
5228 5229
0 0
0 0
2765 2766
0 0
0 0
0 0
6055 6056
0 0
0 0
0 0
3242 3243
0 0
0 0
0 0
0 0
0 0
0 0
0 0
0 0
0 0
0 0
0 0
0 0
0 0
0 0
0 0
0 0
0 0
0 0
5790 5791
0 0
0 0
0 0
2322 2323
4253 4254
0 0
0 0
0 0
0 0
0 0
6004 6005
0 0
0 0
0 0
0 0
3841 3842
0 0
0 0
0 0
0 0
0 0
730 731
0 0
0 0
0 0
0 0
0 0
0 0
0 0
0 0
0 0
0 0
3735 3736
0 0
0 0
0 0
0 0
0 0
0 0
0 0
0 0
0 0
0 0
0 0
1981 1982
0 0
0 0
5771 5772
4220 4221
0 0
4865 4866
0 0
0 0
0 0
0 0
0 0
0 0
0 0
0 0
0 0
0 0
0 0
5888 5889
0 0
0 0
0 0
0 0
0 0
1911 1912
0 0
0 0
1069 1070
0 0
0 0
0 0
4016 4017
0 0
0 0
0 0
4399 4400
0 0
0 0
0 0
0 0
0 0
0 0
0 0
0 0
0 0
3831 3832
0 0
0 0
0 0
0 0
0 0
0 0
6157 6158
0 0
0 0
0 0
0 0
0 0
0 0
0 0
2265 2266
0 0
0 0
0 0
0 0
0 0
0 0
4485 4486
0 0
0 0
0 0
0 0
0 0
0 0
0 0
0 0
0 0
0 0
0 0
0 0
0 0
5376 5377
0 0
0 0
0 0
0 0
0 0
6224 6225
0 0
3655 3656
4721 4722
0 0
3556 3557
0 0
0 0
4348 4349
0 0
0 0
0 0
0 0
0 0
0 0
0 0
0 0
15 16
0 0
0 0
0 0
0 0
0 0
1990 1991
0 0
0 0
0 0
0 0
0 0
0 0
0 0
0 0
5253 5254
0 0
0 0
0 0
0 0
5911 5912
0 0
0 0
0 0
0 0
0 0
0 0
0 0
0 0
0 0
0 0
0 0
3065 3066
0 0
0 0
0 0
0 0
0 0
0 0
5383 5384
5359 5360
0 0
0 0
2335 2336
0 0
0 0
0 0
0 0
454 455
0 0
0 0
0 0
0 0
0 0
5620 5621
4420 4421
0 0
0 0
0 0
0 0
0 0
0 0
0 0
0 0
2291 2292
0 0
0 0
0 0
0 0
0 0
0 0
1898 1899
0 0
3253 3254
0 0
1372 1373
0 0
689 690
0 0
0 0
589 590
0 0
0 0
0 0
0 0
3004 3005
0 0
0 0
0 0
0 0
1290 1291
3986 3987
4274 4275
0 0
0 0
0 0
0 0
4410 4411
0 0
0 0
0 0
0 0
0 0
0 0
0 0
3099 3100
0 0
0 0
0 0
0 0
0 0
1733 1734
0 0
0 0
0 0
0 0
0 0
0 0
4171 4172
1696 1697
0 0
0 0
3228 3229
0 0
0 0
0 0
0 0
0 0
0 0
354 355
0 0
0 0
0 0
5739 5740
0 0
0 0
0 0
0 0
0 0
0 0
0 0
0 0
0 0
0 0
0 0
1022 1023
0 0
0 0
4415 4416
0 0
0 0
0 0
0 0
0 0
0 0
0 0
0 0
0 0
0 0
4866 4867
0 0
0 0
3628 3629
0 0
0 0
0 0
0 0
0 0
0 0
0 0
0 0
0 0
0 0
0 0
5262 5263
0 0
0 0
0 0
0 0
0 0
0 0
0 0
0 0
0 0
0 0
3416 3417
0 0
0 0
0 0
0 0
0 0
771 772
0 0
0 0
0 0
0 0
0 0
0 0
0 0
0 0
0 0
5212 5213
0 0
0 0
0 0
0 0
0 0
0 0
0 0
0 0
5623 5624
0 0
0 0
5006 5007
0 0
0 0
0 0
0 0
0 0
0 0
0 0
0 0
4219 4220
0 0
6025 6026
0 0
0 0
0 0
0 0
0 0
0 0
0 0
0 0
0 0
0 0
0 0
1997 1998
0 0
0 0
0 0
0 0
0 0
0 0
0 0
0 0
0 0
0 0
162 163
0 0
0 0
0 0
5016 5017
0 0
0 0
0 0
0 0
0 0
0 0
0 0
0 0
0 0
0 0
0 0
0 0
0 0
0 0
0 0
0 0
0 0
0 0
0 0
1832 1833
2639 2640
0 0
0 0
0 0
0 0
456 457
0 0
0 0
0 0
0 0
0 0
0 0
0 0
0 0
0 0
0 0
0 0
1145 1146
0 0
0 0
0 0
0 0
0 0
0 0
588 589
0 0
5891 5892
5781 5782
4086 4087
0 0
0 0
530 531
0 0
0 0
0 0
0 0
0 0
0 0
0 0
0 0
0 0
2277 2278
0 0
0 0
0 0
0 0
2768 2769
4698 4699
0 0
0 0
3716 3717
0 0
3309 3310
0 0
0 0
0 0
0 0
0 0
0 0
0 0
0 0
0 0
0 0
1815 1816
0 0
0 0
0 0
0 0
0 0
0 0
0 0
0 0
2998 2999
0 0
